1506117902.632424 1.0 0.0 0.0 482958.425585 0.0 1.0 0.0 4421188.80573 0.0 0.0 1.0 0.0
1506117903.032884 1.0 0.0 0.0 482958.175024 0.0 1.0 0.0 4421187.5521 0.0 0.0 1.0 0.0
1506117903.432296 1.0 0.0 0.0 482958.078169 0.0 1.0 0.0 4421186.26484 0.0 0.0 1.0 0.0
1506117903.828238 1.0 0.0 0.0 482958.109217 0.0 1.0 0.0 4421184.8663 0.0 0.0 1.0 0.0
1506117904.230394 1.0 0.0 0.0 482958.396938 0.0 1.0 0.0 4421183.63367 0.0 0.0 1.0 0.0
1506117904.629904 1.0 0.0 0.0 482958.898392 0.0 1.0 0.0 4421182.46715 0.0 0.0 1.0 0.0
1506117905.430842 1.0 0.0 0.0 482960.328966 0.0 1.0 0.0 4421180.35515 0.0 0.0 1.0 0.0
1506117905.832159 1.0 0.0 0.0 482961.241073 0.0 1.0 0.0 4421179.443 0.0 0.0 1.0 0.0
1506117906.231165 1.0 0.0 0.0 482962.289924 0.0 1.0 0.0 4421178.55274 0.0 0.0 1.0 0.0
1506117906.630532 1.0 0.0 0.0 482963.381616 0.0 1.0 0.0 4421177.71787 0.0 0.0 1.0 0.0
1506117907.031404 1.0 0.0 0.0 482964.686993 0.0 1.0 0.0 4421176.92693 0.0 0.0 1.0 0.0
1506117907.432312 1.0 0.0 0.0 482966.111877 0.0 1.0 0.0 4421176.09132 0.0 0.0 1.0 0.0
1506117907.832530 1.0 0.0 0.0 482967.553948 0.0 1.0 0.0 4421175.30007 0.0 0.0 1.0 0.0
1506117908.231009 1.0 0.0 0.0 482969.184196 0.0 1.0 0.0 4421174.6083 0.0 0.0 1.0 0.0
1506117908.631186 1.0 0.0 0.0 482970.882891 0.0 1.0 0.0 4421173.96076 0.0 0.0 1.0 0.0
1506117909.028390 1.0 0.0 0.0 482972.684132 0.0 1.0 0.0 4421173.3241 0.0 0.0 1.0 0.0
1506117909.431471 1.0 0.0 0.0 482974.485522 0.0 1.0 0.0 4421172.75403 0.0 0.0 1.0 0.0
1506117909.831705 1.0 0.0 0.0 482976.329629 0.0 1.0 0.0 4421172.18386 0.0 0.0 1.0 0.0
1506117910.233391 1.0 0.0 0.0 482978.250725 0.0 1.0 0.0 4421171.65792 0.0 0.0 1.0 0.0
1506117910.636692 1.0 0.0 0.0 482980.111771 0.0 1.0 0.0 4421171.02113 0.0 0.0 1.0 0.0
1506117911.033135 1.0 0.0 0.0 482982.058275 0.0 1.0 0.0 4421170.39524 0.0 0.0 1.0 0.0
1506117911.437328 1.0 0.0 0.0 482984.005003 0.0 1.0 0.0 4421169.86924 0.0 0.0 1.0 0.0
1506117911.833363 1.0 0.0 0.0 482985.951582 0.0 1.0 0.0 4421169.27665 0.0 0.0 1.0 0.0
1506117912.232838 1.0 0.0 0.0 482987.855619 0.0 1.0 0.0 4421168.76185 0.0 0.0 1.0 0.0
1506117912.633021 1.0 0.0 0.0 482989.691308 0.0 1.0 0.0 4421168.2472 0.0 0.0 1.0 0.0
1506117913.032529 1.0 0.0 0.0 482991.398673 0.0 1.0 0.0 4421167.65515 0.0 0.0 1.0 0.0
1506117913.432163 1.0 0.0 0.0 482993.029371 0.0 1.0 0.0 4421167.16316 0.0 0.0 1.0 0.0
1506117913.836649 1.0 0.0 0.0 482994.583278 0.0 1.0 0.0 4421166.71573 0.0 0.0 1.0 0.0
1506117914.233470 1.0 0.0 0.0 482996.146025 0.0 1.0 0.0 4421166.40147 0.0 0.0 1.0 0.0
1506117914.635631 1.0 0.0 0.0 482997.71786 0.0 1.0 0.0 4421166.33137 0.0 0.0 1.0 0.0
1506117915.035597 1.0 0.0 0.0 482999.290215 0.0 1.0 0.0 4421166.49435 0.0 0.0 1.0 0.0
1506117915.437847 1.0 0.0 0.0 483000.74373 0.0 1.0 0.0 4421167.00167 0.0 0.0 1.0 0.0
1506117916.237750 1.0 0.0 0.0 483003.310656 0.0 1.0 0.0 4421168.74958 0.0 0.0 1.0 0.0
1506117916.638331 1.0 0.0 0.0 483004.312112 0.0 1.0 0.0 4421169.59087 0.0 0.0 1.0 0.0
1506117917.036476 1.0 0.0 0.0 483005.262852 0.0 1.0 0.0 4421170.67645 0.0 0.0 1.0 0.0
1506117917.435956 1.0 0.0 0.0 483006.042997 0.0 1.0 0.0 4421171.8845 0.0 0.0 1.0 0.0
1506117917.846926 1.0 0.0 0.0 483006.59247 0.0 1.0 0.0 4421173.09306 0.0 0.0 1.0 0.0
1506117918.245035 1.0 0.0 0.0 483007.091201 0.0 1.0 0.0 4421174.53482 0.0 0.0 1.0 0.0
1506117918.644137 1.0 0.0 0.0 483007.487338 0.0 1.0 0.0 4421175.94351 0.0 0.0 1.0 0.0
1506117919.046692 1.0 0.0 0.0 483007.83271 0.0 1.0 0.0 4421177.57429 0.0 0.0 1.0 0.0
1506117919.441709 1.0 0.0 0.0 483008.100992 0.0 1.0 0.0 4421179.11645 0.0 0.0 1.0 0.0
1506117919.846344 1.0 0.0 0.0 483008.437721 0.0 1.0 0.0 4421180.70285 0.0 0.0 1.0 0.0
1506117920.247746 1.0 0.0 0.0 483008.902922 0.0 1.0 0.0 4421182.43325 0.0 0.0 1.0 0.0
1506117920.647496 1.0 0.0 0.0 483009.342665 0.0 1.0 0.0 4421184.2414 0.0 0.0 1.0 0.0
1506117921.046959 1.0 0.0 0.0 483009.748408 0.0 1.0 0.0 4421186.12733 0.0 0.0 1.0 0.0
1506117921.450505 1.0 0.0 0.0 483010.179657 0.0 1.0 0.0 4421187.9577 0.0 0.0 1.0 0.0
1506117921.847511 1.0 0.0 0.0 483010.653425 0.0 1.0 0.0 4421189.69918 0.0 0.0 1.0 0.0
1506117922.248204 1.0 0.0 0.0 483011.196281 0.0 1.0 0.0 4421191.77348 0.0 0.0 1.0 0.0
1506117922.647516 1.0 0.0 0.0 483011.713507 0.0 1.0 0.0 4421193.84783 0.0 0.0 1.0 0.0
1506117923.048449 1.0 0.0 0.0 483012.247276 0.0 1.0 0.0 4421195.67798 0.0 0.0 1.0 0.0
1506117923.445750 1.0 0.0 0.0 483012.798032 0.0 1.0 0.0 4421197.46368 0.0 0.0 1.0 0.0
1506117923.846565 1.0 0.0 0.0 483013.434419 0.0 1.0 0.0 4421199.33799 0.0 0.0 1.0 0.0
1506117924.247324 1.0 0.0 0.0 483014.037028 0.0 1.0 0.0 4421201.38996 0.0 0.0 1.0 0.0
1506117924.646479 1.0 0.0 0.0 483014.613784 0.0 1.0 0.0 4421203.3421 0.0 0.0 1.0 0.0
1506117925.049119 1.0 0.0 0.0 483015.198712 0.0 1.0 0.0 4421205.12773 0.0 0.0 1.0 0.0
1506117925.449926 1.0 0.0 0.0 483015.869173 0.0 1.0 0.0 4421206.95756 0.0 0.0 1.0 0.0
1506117925.847835 1.0 0.0 0.0 483016.419606 0.0 1.0 0.0 4421208.59899 0.0 0.0 1.0 0.0
1506117926.251634 1.0 0.0 0.0 483016.961792 0.0 1.0 0.0 4421210.37361 0.0 0.0 1.0 0.0
1506117926.649355 1.0 0.0 0.0 483017.461063 0.0 1.0 0.0 4421212.05955 0.0 0.0 1.0 0.0
1506117927.049954 1.0 0.0 0.0 483017.93463 0.0 1.0 0.0 4421213.71224 0.0 0.0 1.0 0.0
1506117927.449681 1.0 0.0 0.0 483018.339628 0.0 1.0 0.0 4421215.26519 0.0 0.0 1.0 0.0
1506117927.850308 1.0 0.0 0.0 483018.77028 0.0 1.0 0.0 4421216.82919 0.0 0.0 1.0 0.0
1506117928.247916 1.0 0.0 0.0 483019.218414 0.0 1.0 0.0 4421218.57073 0.0 0.0 1.0 0.0
1506117928.648123 1.0 0.0 0.0 483019.67519 0.0 1.0 0.0 4421220.35665 0.0 0.0 1.0 0.0
1506117929.048797 1.0 0.0 0.0 483020.114607 0.0 1.0 0.0 4421222.02052 0.0 0.0 1.0 0.0
1506117929.449373 1.0 0.0 0.0 483020.451406 0.0 1.0 0.0 4421223.64022 0.0 0.0 1.0 0.0
1506117929.845872 1.0 0.0 0.0 483020.771093 0.0 1.0 0.0 4421225.24886 0.0 0.0 1.0 0.0
1506117930.253685 1.0 0.0 0.0 483020.902456 0.0 1.0 0.0 4421226.69143 0.0 0.0 1.0 0.0
1506117930.649483 1.0 0.0 0.0 483020.803075 0.0 1.0 0.0 4421228.10122 0.0 0.0 1.0 0.0
1506117931.050095 1.0 0.0 0.0 483020.481568 0.0 1.0 0.0 4421229.51151 0.0 0.0 1.0 0.0
1506117931.453996 1.0 0.0 0.0 483019.946255 0.0 1.0 0.0 4421230.82238 0.0 0.0 1.0 0.0
1506117931.852261 1.0 0.0 0.0 483019.239904 0.0 1.0 0.0 4421232.05594 0.0 0.0 1.0 0.0
1506117932.252425 1.0 0.0 0.0 483018.277006 0.0 1.0 0.0 4421233.17908 0.0 0.0 1.0 0.0
1506117932.650115 1.0 0.0 0.0 483017.270971 0.0 1.0 0.0 4421234.11363 0.0 0.0 1.0 0.0
1506117933.050398 1.0 0.0 0.0 483016.085354 0.0 1.0 0.0 4421234.9709 0.0 0.0 1.0 0.0
1506117933.453168 1.0 0.0 0.0 483014.848453 0.0 1.0 0.0 4421235.81717 0.0 0.0 1.0 0.0
1506117933.848395 1.0 0.0 0.0 483013.568143 0.0 1.0 0.0 4421236.35278 0.0 0.0 1.0 0.0
1506117934.250989 1.0 0.0 0.0 483012.245166 0.0 1.0 0.0 4421236.91067 0.0 0.0 1.0 0.0
1506117934.649397 1.0 0.0 0.0 483010.853794 0.0 1.0 0.0 4421237.44652 0.0 0.0 1.0 0.0
1506117935.047154 1.0 0.0 0.0 483009.419383 0.0 1.0 0.0 4421237.83819 0.0 0.0 1.0 0.0
1506117935.451429 1.0 0.0 0.0 483007.949786 0.0 1.0 0.0 4421237.77487 0.0 0.0 1.0 0.0
1506117935.851501 1.0 0.0 0.0 483006.403842 0.0 1.0 0.0 4421237.9559 0.0 0.0 1.0 0.0
1506117936.251161 1.0 0.0 0.0 483004.755998 0.0 1.0 0.0 4421238.41463 0.0 0.0 1.0 0.0
1506117936.650046 1.0 0.0 0.0 483003.074129 0.0 1.0 0.0 4421238.94003 0.0 0.0 1.0 0.0
1506117937.049258 1.0 0.0 0.0 483001.529126 0.0 1.0 0.0 4421239.54282 0.0 0.0 1.0 0.0
1506117937.451153 1.0 0.0 0.0 482999.93274 0.0 1.0 0.0 4421240.09023 0.0 0.0 1.0 0.0
1506117937.854943 1.0 0.0 0.0 482998.328034 0.0 1.0 0.0 4421240.73754 0.0 0.0 1.0 0.0
1506117938.249738 1.0 0.0 0.0 482996.757575 0.0 1.0 0.0 4421241.41808 0.0 0.0 1.0 0.0
1506117938.650149 1.0 0.0 0.0 482995.170154 0.0 1.0 0.0 4421242.15416 0.0 0.0 1.0 0.0
1506117939.051057 1.0 0.0 0.0 482993.599795 0.0 1.0 0.0 4421242.87909 0.0 0.0 1.0 0.0
1506117939.451452 1.0 0.0 0.0 482992.012399 0.0 1.0 0.0 4421243.62626 0.0 0.0 1.0 0.0
1506117939.853334 1.0 0.0 0.0 482990.322237 0.0 1.0 0.0 4421244.26268 0.0 0.0 1.0 0.0
1506117940.250484 1.0 0.0 0.0 482988.666247 0.0 1.0 0.0 4421244.89901 0.0 0.0 1.0 0.0
1506117940.656869 1.0 0.0 0.0 482987.03574 0.0 1.0 0.0 4421245.4687 0.0 0.0 1.0 0.0
1506117941.055457 1.0 0.0 0.0 482985.413528 0.0 1.0 0.0 4421245.92738 0.0 0.0 1.0 0.0
1506117941.455956 1.0 0.0 0.0 482983.756821 0.0 1.0 0.0 4421246.24185 0.0 0.0 1.0 0.0
1506117941.855415 1.0 0.0 0.0 482982.159497 0.0 1.0 0.0 4421246.3675 0.0 0.0 1.0 0.0
1506117942.253272 1.0 0.0 0.0 482980.578862 0.0 1.0 0.0 4421246.31553 0.0 0.0 1.0 0.0
1506117942.654402 1.0 0.0 0.0 482979.006102 0.0 1.0 0.0 4421245.96388 0.0 0.0 1.0 0.0
1506117943.054877 1.0 0.0 0.0 482977.535044 0.0 1.0 0.0 4421245.24573 0.0 0.0 1.0 0.0
1506117943.453136 1.0 0.0 0.0 482976.277072 0.0 1.0 0.0 4421244.30512 0.0 0.0 1.0 0.0
1506117943.854651 1.0 0.0 0.0 482975.214654 0.0 1.0 0.0 4421242.94232 0.0 0.0 1.0 0.0
1506117944.254298 1.0 0.0 0.0 482974.382509 0.0 1.0 0.0 4421241.40142 0.0 0.0 1.0 0.0
1506117944.654261 1.0 0.0 0.0 482973.652511 0.0 1.0 0.0 4421239.69381 0.0 0.0 1.0 0.0
1506117945.052822 1.0 0.0 0.0 482973.024908 0.0 1.0 0.0 4421237.93047 0.0 0.0 1.0 0.0
1506117945.451483 1.0 0.0 0.0 482972.456836 0.0 1.0 0.0 4421236.04492 0.0 0.0 1.0 0.0
1506117945.856396 1.0 0.0 0.0 482971.914121 0.0 1.0 0.0 4421234.03721 0.0 0.0 1.0 0.0
1506117946.255115 1.0 0.0 0.0 482971.345751 0.0 1.0 0.0 4421232.01847 0.0 0.0 1.0 0.0
1506117946.660041 1.0 0.0 0.0 482970.785849 0.0 1.0 0.0 4421229.96641 0.0 0.0 1.0 0.0
1506117947.055269 1.0 0.0 0.0 482970.217329 0.0 1.0 0.0 4421227.88107 0.0 0.0 1.0 0.0
1506117947.460473 1.0 0.0 0.0 482969.648636 0.0 1.0 0.0 4421225.71804 0.0 0.0 1.0 0.0
1506117947.857064 1.0 0.0 0.0 482969.062583 0.0 1.0 0.0 4421223.43296 0.0 0.0 1.0 0.0
1506117948.256801 1.0 0.0 0.0 482968.502011 0.0 1.0 0.0 4421221.08123 0.0 0.0 1.0 0.0
1506117948.656012 1.0 0.0 0.0 482967.958698 0.0 1.0 0.0 4421218.80715 0.0 0.0 1.0 0.0
1506117949.056885 1.0 0.0 0.0 482967.372669 0.0 1.0 0.0 4421216.53317 0.0 0.0 1.0 0.0
1506117949.859358 1.0 0.0 0.0 482966.328933 0.0 1.0 0.0 4421212.06262 0.0 0.0 1.0 0.0
1506117950.262190 1.0 0.0 0.0 482965.777002 0.0 1.0 0.0 4421209.75526 0.0 0.0 1.0 0.0
1506117950.657811 1.0 0.0 0.0 482965.242157 0.0 1.0 0.0 4421207.44787 0.0 0.0 1.0 0.0
1506117951.061142 1.0 0.0 0.0 482964.724547 0.0 1.0 0.0 4421205.20704 0.0 0.0 1.0 0.0
1506117951.461930 1.0 0.0 0.0 482964.206887 0.0 1.0 0.0 4421202.944 0.0 0.0 1.0 0.0
1506117951.864175 1.0 0.0 0.0 482963.655104 0.0 1.0 0.0 4421200.70324 0.0 0.0 1.0 0.0
1506117952.262917 1.0 0.0 0.0 482963.14621 0.0 1.0 0.0 4421198.54008 0.0 0.0 1.0 0.0
1506117952.664037 1.0 0.0 0.0 482962.645934 0.0 1.0 0.0 4421196.41019 0.0 0.0 1.0 0.0
1506117953.062736 1.0 0.0 0.0 482962.094198 0.0 1.0 0.0 4421194.19163 0.0 0.0 1.0 0.0
1506117953.462016 1.0 0.0 0.0 482961.457178 0.0 1.0 0.0 4421192.03985 0.0 0.0 1.0 0.0
1506117953.859832 1.0 0.0 0.0 482960.794701 0.0 1.0 0.0 4421189.96582 0.0 0.0 1.0 0.0
1506117954.260984 1.0 0.0 0.0 482959.995828 0.0 1.0 0.0 4421188.02529 0.0 0.0 1.0 0.0
1506117954.661121 1.0 0.0 0.0 482959.000779 0.0 1.0 0.0 4421186.22948 0.0 0.0 1.0 0.0
1506117955.060214 1.0 0.0 0.0 482957.818296 0.0 1.0 0.0 4421184.66717 0.0 0.0 1.0 0.0
1506117955.462520 1.0 0.0 0.0 482956.465814 0.0 1.0 0.0 4421183.4937 0.0 0.0 1.0 0.0
1506117955.859043 1.0 0.0 0.0 482955.028915 0.0 1.0 0.0 4421182.77548 0.0 0.0 1.0 0.0
1506117956.261524 1.0 0.0 0.0 482953.379126 0.0 1.0 0.0 4421182.3685 0.0 0.0 1.0 0.0
1506117956.661070 1.0 0.0 0.0 482951.66998 0.0 1.0 0.0 4421182.16144 0.0 0.0 1.0 0.0
1506117957.061133 1.0 0.0 0.0 482950.0037 0.0 1.0 0.0 4421182.02088 0.0 0.0 1.0 0.0
1506117957.463913 1.0 0.0 0.0 482948.602859 0.0 1.0 0.0 4421182.1461 0.0 0.0 1.0 0.0
1506117957.862621 1.0 0.0 0.0 482947.23664 0.0 1.0 0.0 4421182.47103 0.0 0.0 1.0 0.0
1506117958.260538 1.0 0.0 0.0 482945.623084 0.0 1.0 0.0 4421182.98519 0.0 0.0 1.0 0.0
1506117958.662377 1.0 0.0 0.0 482943.770414 0.0 1.0 0.0 4421183.54428 0.0 0.0 1.0 0.0
1506117959.060672 1.0 0.0 0.0 482941.95229 0.0 1.0 0.0 4421184.26979 0.0 0.0 1.0 0.0
1506117959.460940 1.0 0.0 0.0 482940.262243 0.0 1.0 0.0 4421184.9617 0.0 0.0 1.0 0.0
1506117959.864308 1.0 0.0 0.0 482938.777162 0.0 1.0 0.0 4421185.61987 0.0 0.0 1.0 0.0
1506117960.262922 1.0 0.0 0.0 482937.283463 0.0 1.0 0.0 4421186.24475 0.0 0.0 1.0 0.0
1506117960.662905 1.0 0.0 0.0 482935.52497 0.0 1.0 0.0 4421186.89243 0.0 0.0 1.0 0.0
1506117961.057423 1.0 0.0 0.0 482933.74944 0.0 1.0 0.0 4421187.56234 0.0 0.0 1.0 0.0
1506117961.462044 1.0 0.0 0.0 482932.077127 0.0 1.0 0.0 4421188.54279 0.0 0.0 1.0 0.0
1506117961.866167 1.0 0.0 0.0 482930.559837 0.0 1.0 0.0 4421190.07785 0.0 0.0 1.0 0.0
1506117962.261347 1.0 0.0 0.0 482929.265271 0.0 1.0 0.0 4421191.87878 0.0 0.0 1.0 0.0
1506117963.060798 1.0 0.0 0.0 482927.615488 0.0 1.0 0.0 4421195.28986 0.0 0.0 1.0 0.0
1506117963.862228 1.0 0.0 0.0 482927.103415 0.0 1.0 0.0 4421199.34213 0.0 0.0 1.0 0.0
1506117964.262353 1.0 0.0 0.0 482927.218952 0.0 1.0 0.0 4421201.33969 0.0 0.0 1.0 0.0
1506117964.662219 1.0 0.0 0.0 482927.394267 0.0 1.0 0.0 4421203.32601 0.0 0.0 1.0 0.0
1506117965.062557 1.0 0.0 0.0 482927.595287 0.0 1.0 0.0 4421205.34558 0.0 0.0 1.0 0.0
1506117965.462636 1.0 0.0 0.0 482927.881666 0.0 1.0 0.0 4421207.33165 0.0 0.0 1.0 0.0
1506117965.867297 1.0 0.0 0.0 482928.253652 0.0 1.0 0.0 4421209.39523 0.0 0.0 1.0 0.0
1506117966.262600 1.0 0.0 0.0 482928.685317 0.0 1.0 0.0 4421211.40318 0.0 0.0 1.0 0.0
1506117966.665273 1.0 0.0 0.0 482929.134044 0.0 1.0 0.0 4421213.39999 0.0 0.0 1.0 0.0
1506117967.063237 1.0 0.0 0.0 482929.642623 0.0 1.0 0.0 4421215.41886 0.0 0.0 1.0 0.0
1506117967.465805 1.0 0.0 0.0 482930.202438 0.0 1.0 0.0 4421217.42652 0.0 0.0 1.0 0.0
1506117968.663080 1.0 0.0 0.0 482931.445449 0.0 1.0 0.0 4421223.12862 0.0 0.0 1.0 0.0
1506117969.063056 1.0 0.0 0.0 482931.936766 0.0 1.0 0.0 4421225.06984 0.0 0.0 1.0 0.0
1506117969.463206 1.0 0.0 0.0 482932.49638 0.0 1.0 0.0 4421226.98871 0.0 0.0 1.0 0.0
1506117969.865060 1.0 0.0 0.0 482933.175328 0.0 1.0 0.0 4421228.78522 0.0 0.0 1.0 0.0
1506117970.266497 1.0 0.0 0.0 482934.092891 0.0 1.0 0.0 4421230.31483 0.0 0.0 1.0 0.0
1506117970.664674 1.0 0.0 0.0 482935.206553 0.0 1.0 0.0 4421231.66641 0.0 0.0 1.0 0.0
1506117971.063980 1.0 0.0 0.0 482936.550164 0.0 1.0 0.0 4421232.69561 0.0 0.0 1.0 0.0
1506117971.461607 1.0 0.0 0.0 482938.089898 0.0 1.0 0.0 4421233.55788 0.0 0.0 1.0 0.0
1506117971.869649 1.0 0.0 0.0 482939.765853 0.0 1.0 0.0 4421234.20897 0.0 0.0 1.0 0.0
1506117972.266702 1.0 0.0 0.0 482941.389679 0.0 1.0 0.0 4421234.47171 0.0 0.0 1.0 0.0
1506117972.667378 1.0 0.0 0.0 482943.106984 0.0 1.0 0.0 4421234.51227 0.0 0.0 1.0 0.0
1506117973.065756 1.0 0.0 0.0 482944.883323 0.0 1.0 0.0 4421234.20862 0.0 0.0 1.0 0.0
1506117973.464860 1.0 0.0 0.0 482946.676302 0.0 1.0 0.0 4421233.70516 0.0 0.0 1.0 0.0
1506117974.267946 1.0 0.0 0.0 482950.074059 0.0 1.0 0.0 4421232.58766 0.0 0.0 1.0 0.0
1506117974.668402 1.0 0.0 0.0 482951.669897 0.0 1.0 0.0 4421231.79606 0.0 0.0 1.0 0.0
1506117975.068165 1.0 0.0 0.0 482953.316971 0.0 1.0 0.0 4421230.99325 0.0 0.0 1.0 0.0
1506117975.469715 1.0 0.0 0.0 482955.007009 0.0 1.0 0.0 4421230.30134 0.0 0.0 1.0 0.0
1506117975.872845 1.0 0.0 0.0 482956.713961 0.0 1.0 0.0 4421229.53169 0.0 0.0 1.0 0.0
1506117976.272877 1.0 0.0 0.0 482958.489409 0.0 1.0 0.0 4421228.82849 0.0 0.0 1.0 0.0
1506117976.671755 1.0 0.0 0.0 482960.247869 0.0 1.0 0.0 4421228.16972 0.0 0.0 1.0 0.0
1506117977.070347 1.0 0.0 0.0 482961.938033 0.0 1.0 0.0 4421227.5333 0.0 0.0 1.0 0.0
1506117977.472511 1.0 0.0 0.0 482963.542987 0.0 1.0 0.0 4421226.99696 0.0 0.0 1.0 0.0
1506117977.874378 1.0 0.0 0.0 482965.079446 0.0 1.0 0.0 4421226.39419 0.0 0.0 1.0 0.0
1506117978.273556 1.0 0.0 0.0 482966.599165 0.0 1.0 0.0 4421225.94683 0.0 0.0 1.0 0.0
1506117979.073746 1.0 0.0 0.0 482969.510679 0.0 1.0 0.0 4421225.1523 0.0 0.0 1.0 0.0
1506117979.472811 1.0 0.0 0.0 482971.03919 0.0 1.0 0.0 4421224.81592 0.0 0.0 1.0 0.0
1506117979.875041 1.0 0.0 0.0 482972.662397 0.0 1.0 0.0 4421224.80119 0.0 0.0 1.0 0.0
1506117980.274463 1.0 0.0 0.0 482974.277655 0.0 1.0 0.0 4421225.05286 0.0 0.0 1.0 0.0
1506117980.678158 1.0 0.0 0.0 482975.987163 0.0 1.0 0.0 4421225.42641 0.0 0.0 1.0 0.0
1506117981.074650 1.0 0.0 0.0 482977.637387 0.0 1.0 0.0 4421226.03317 0.0 0.0 1.0 0.0
1506117981.474632 1.0 0.0 0.0 482979.279687 0.0 1.0 0.0 4421226.91742 0.0 0.0 1.0 0.0
1506117981.877954 1.0 0.0 0.0 482980.871421 0.0 1.0 0.0 4421228.11256 0.0 0.0 1.0 0.0
1506117982.273203 1.0 0.0 0.0 482982.16498 0.0 1.0 0.0 4421229.68573 0.0 0.0 1.0 0.0
1506117982.674207 1.0 0.0 0.0 482983.109006 0.0 1.0 0.0 4421231.59264 0.0 0.0 1.0 0.0
1506117983.076344 1.0 0.0 0.0 482983.763103 0.0 1.0 0.0 4421233.74438 0.0 0.0 1.0 0.0
1506117983.476648 1.0 0.0 0.0 482984.246458 0.0 1.0 0.0 4421235.952 0.0 0.0 1.0 0.0
1506117983.876544 1.0 0.0 0.0 482984.721418 0.0 1.0 0.0 4421238.22623 0.0 0.0 1.0 0.0
1506117984.279361 1.0 0.0 0.0 482985.153933 0.0 1.0 0.0 4421240.62265 0.0 0.0 1.0 0.0
1506117985.076794 1.0 0.0 0.0 482986.096051 0.0 1.0 0.0 4421245.50409 0.0 0.0 1.0 0.0
1506117985.476716 1.0 0.0 0.0 482986.614345 0.0 1.0 0.0 4421248.0557 0.0 0.0 1.0 0.0
1506117985.877428 1.0 0.0 0.0 482987.107381 0.0 1.0 0.0 4421250.77385 0.0 0.0 1.0 0.0
1506117986.276534 1.0 0.0 0.0 482987.703035 0.0 1.0 0.0 4421253.53617 0.0 0.0 1.0 0.0
1506117986.676106 1.0 0.0 0.0 482988.31575 0.0 1.0 0.0 4421256.28734 0.0 0.0 1.0 0.0
1506117987.071951 1.0 0.0 0.0 482988.92007 0.0 1.0 0.0 4421259.10514 0.0 0.0 1.0 0.0
1506117987.477773 1.0 0.0 0.0 482989.550094 0.0 1.0 0.0 4421261.95617 0.0 0.0 1.0 0.0
1506117987.876582 1.0 0.0 0.0 482990.196981 0.0 1.0 0.0 4421264.70727 0.0 0.0 1.0 0.0
1506117988.275739 1.0 0.0 0.0 482990.843818 0.0 1.0 0.0 4421267.43618 0.0 0.0 1.0 0.0
1506117988.678460 1.0 0.0 0.0 482991.482334 0.0 1.0 0.0 4421270.26499 0.0 0.0 1.0 0.0
1506117989.076427 1.0 0.0 0.0 482992.189295 0.0 1.0 0.0 4421273.13805 0.0 0.0 1.0 0.0
1506117989.475202 1.0 0.0 0.0 482992.879069 0.0 1.0 0.0 4421275.96675 0.0 0.0 1.0 0.0
1506117989.879959 1.0 0.0 0.0 482993.637314 0.0 1.0 0.0 4421278.85079 0.0 0.0 1.0 0.0
1506117990.277140 1.0 0.0 0.0 482994.387088 0.0 1.0 0.0 4421281.76815 0.0 0.0 1.0 0.0
1506117990.680032 1.0 0.0 0.0 482995.188097 0.0 1.0 0.0 4421284.67429 0.0 0.0 1.0 0.0
1506117991.080439 1.0 0.0 0.0 482996.031797 0.0 1.0 0.0 4421287.56925 0.0 0.0 1.0 0.0
1506117991.476654 1.0 0.0 0.0 482996.926681 0.0 1.0 0.0 4421290.43079 0.0 0.0 1.0 0.0
1506117991.882880 1.0 0.0 0.0 482997.830405 0.0 1.0 0.0 4421293.42549 0.0 0.0 1.0 0.0
1506117992.275494 1.0 0.0 0.0 482998.802499 0.0 1.0 0.0 4421296.43115 0.0 0.0 1.0 0.0
1506117992.680823 1.0 0.0 0.0 482999.71469 0.0 1.0 0.0 4421299.39254 0.0 0.0 1.0 0.0
1506117993.079638 1.0 0.0 0.0 483000.601227 0.0 1.0 0.0 4421302.34289 0.0 0.0 1.0 0.0
1506117993.479806 1.0 0.0 0.0 483001.521985 0.0 1.0 0.0 4421305.31537 0.0 0.0 1.0 0.0
1506117993.880581 1.0 0.0 0.0 483002.357335 0.0 1.0 0.0 4421308.29913 0.0 0.0 1.0 0.0
1506117994.277930 1.0 0.0 0.0 483003.269622 0.0 1.0 0.0 4421311.30492 0.0 0.0 1.0 0.0
1506117994.680243 1.0 0.0 0.0 483004.11344 0.0 1.0 0.0 4421314.25536 0.0 0.0 1.0 0.0
1506117995.085173 1.0 0.0 0.0 483004.965627 0.0 1.0 0.0 4421317.1281 0.0 0.0 1.0 0.0
1506117995.482475 1.0 0.0 0.0 483005.834825 0.0 1.0 0.0 4421319.9675 0.0 0.0 1.0 0.0
1506117995.882536 1.0 0.0 0.0 483006.669949 0.0 1.0 0.0 4421322.85137 0.0 0.0 1.0 0.0
1506117996.285408 1.0 0.0 0.0 483007.496455 0.0 1.0 0.0 4421325.70197 0.0 0.0 1.0 0.0
1506117996.685246 1.0 0.0 0.0 483008.263158 0.0 1.0 0.0 4421328.5527 0.0 0.0 1.0 0.0
1506117997.087559 1.0 0.0 0.0 483008.893045 0.0 1.0 0.0 4421331.34824 0.0 0.0 1.0 0.0
1506117997.479824 1.0 0.0 0.0 483009.351895 0.0 1.0 0.0 4421334.06646 0.0 0.0 1.0 0.0
1506117997.892035 1.0 0.0 0.0 483009.665262 0.0 1.0 0.0 4421336.67402 0.0 0.0 1.0 0.0
1506117998.283211 1.0 0.0 0.0 483009.850235 0.0 1.0 0.0 4421339.17088 0.0 0.0 1.0 0.0
1506117998.685183 1.0 0.0 0.0 483009.966638 0.0 1.0 0.0 4421341.568 0.0 0.0 1.0 0.0
1506117999.083124 1.0 0.0 0.0 483009.894498 0.0 1.0 0.0 4421343.69917 0.0 0.0 1.0 0.0
1506117999.481612 1.0 0.0 0.0 483009.685099 0.0 1.0 0.0 4421345.57536 0.0 0.0 1.0 0.0
1506117999.882123 1.0 0.0 0.0 483009.45792 0.0 1.0 0.0 4421347.14082 0.0 0.0 1.0 0.0
1506118000.282470 1.0 0.0 0.0 483009.127827 0.0 1.0 0.0 4421348.52893 0.0 0.0 1.0 0.0
1506118000.684179 1.0 0.0 0.0 483008.79771 0.0 1.0 0.0 4421349.90594 0.0 0.0 1.0 0.0
1506118001.082777 1.0 0.0 0.0 483008.433223 0.0 1.0 0.0 4421351.19423 0.0 0.0 1.0 0.0
1506118001.486101 1.0 0.0 0.0 483008.085549 0.0 1.0 0.0 4421352.3604 0.0 0.0 1.0 0.0
1506118001.888949 1.0 0.0 0.0 483007.660889 0.0 1.0 0.0 4421353.48234 0.0 0.0 1.0 0.0
1506118002.281962 1.0 0.0 0.0 483007.184994 0.0 1.0 0.0 4421354.6155 0.0 0.0 1.0 0.0
1506118002.678475 1.0 0.0 0.0 483006.649322 0.0 1.0 0.0 4421355.75989 0.0 0.0 1.0 0.0
1506118003.082341 1.0 0.0 0.0 483006.045329 0.0 1.0 0.0 4421356.91553 0.0 0.0 1.0 0.0
1506118003.482047 1.0 0.0 0.0 483005.381608 0.0 1.0 0.0 4421358.1046 0.0 0.0 1.0 0.0
1506118004.287571 1.0 0.0 0.0 483003.891551 0.0 1.0 0.0 4421360.34991 0.0 0.0 1.0 0.0
1506118004.688081 1.0 0.0 0.0 483003.048028 0.0 1.0 0.0 4421361.3618 0.0 0.0 1.0 0.0
1506118005.084039 1.0 0.0 0.0 483002.136482 0.0 1.0 0.0 4421362.51813 0.0 0.0 1.0 0.0
1506118005.484076 1.0 0.0 0.0 483001.13111 0.0 1.0 0.0 4421363.74126 0.0 0.0 1.0 0.0
1506118005.884483 1.0 0.0 0.0 482999.988899 0.0 1.0 0.0 4421364.8981 0.0 0.0 1.0 0.0
1506118006.284732 1.0 0.0 0.0 482998.821282 0.0 1.0 0.0 4421366.15488 0.0 0.0 1.0 0.0
1506118006.686789 1.0 0.0 0.0 482997.508431 0.0 1.0 0.0 4421367.412 0.0 0.0 1.0 0.0
1506118007.086858 1.0 0.0 0.0 482996.101458 0.0 1.0 0.0 4421368.60272 0.0 0.0 1.0 0.0
1506118007.485867 1.0 0.0 0.0 482994.557621 0.0 1.0 0.0 4421369.71607 0.0 0.0 1.0 0.0
1506118007.885160 1.0 0.0 0.0 482992.936822 0.0 1.0 0.0 4421370.79628 0.0 0.0 1.0 0.0
1506118008.287309 1.0 0.0 0.0 482991.324615 0.0 1.0 0.0 4421371.89868 0.0 0.0 1.0 0.0
1506118008.690264 1.0 0.0 0.0 482989.609991 0.0 1.0 0.0 4421373.0457 0.0 0.0 1.0 0.0
1506118009.089095 1.0 0.0 0.0 482987.980724 0.0 1.0 0.0 4421374.15923 0.0 0.0 1.0 0.0
1506118009.486581 1.0 0.0 0.0 482986.376889 0.0 1.0 0.0 4421375.18392 0.0 0.0 1.0 0.0
1506118009.886794 1.0 0.0 0.0 482984.892411 0.0 1.0 0.0 4421376.09734 0.0 0.0 1.0 0.0
1506118010.286868 1.0 0.0 0.0 482983.64739 0.0 1.0 0.0 4421377.12123 0.0 0.0 1.0 0.0
1506118010.687048 1.0 0.0 0.0 482982.590243 0.0 1.0 0.0 4421378.1114 0.0 0.0 1.0 0.0
1506118011.087411 1.0 0.0 0.0 482981.660254 0.0 1.0 0.0 4421378.65732 0.0 0.0 1.0 0.0
1506118011.486846 1.0 0.0 0.0 482980.858213 0.0 1.0 0.0 4421379.11417 0.0 0.0 1.0 0.0
1506118011.892156 1.0 0.0 0.0 482980.235604 0.0 1.0 0.0 4421379.58172 0.0 0.0 1.0 0.0
1506118012.294931 1.0 0.0 0.0 482979.613317 0.0 1.0 0.0 4421380.19355 0.0 0.0 1.0 0.0
1506118012.695096 1.0 0.0 0.0 482979.024731 0.0 1.0 0.0 4421380.59443 0.0 0.0 1.0 0.0
1506118013.087575 1.0 0.0 0.0 482978.350888 0.0 1.0 0.0 4421381.07319 0.0 0.0 1.0 0.0
1506118013.491699 1.0 0.0 0.0 482977.634279 0.0 1.0 0.0 4421381.52985 0.0 0.0 1.0 0.0
1506118013.899298 1.0 0.0 0.0 482976.994534 0.0 1.0 0.0 4421381.97523 0.0 0.0 1.0 0.0
1506118014.696343 1.0 0.0 0.0 482975.715268 0.0 1.0 0.0 4421382.9659 0.0 0.0 1.0 0.0
1506118015.095021 1.0 0.0 0.0 482974.948045 0.0 1.0 0.0 4421383.71125 0.0 0.0 1.0 0.0
1506118015.496811 1.0 0.0 0.0 482973.992873 0.0 1.0 0.0 4421384.45701 0.0 0.0 1.0 0.0
1506118015.897611 1.0 0.0 0.0 482972.934837 0.0 1.0 0.0 4421385.04762 0.0 0.0 1.0 0.0
1506118016.296402 1.0 0.0 0.0 482971.689571 0.0 1.0 0.0 4421385.96052 0.0 0.0 1.0 0.0
1506118016.695387 1.0 0.0 0.0 482970.316331 0.0 1.0 0.0 4421386.95139 0.0 0.0 1.0 0.0
1506118017.097069 1.0 0.0 0.0 482968.806674 0.0 1.0 0.0 4421388.06466 0.0 0.0 1.0 0.0
1506118017.497579 1.0 0.0 0.0 482967.211561 0.0 1.0 0.0 4421389.16702 0.0 0.0 1.0 0.0
1506118017.898915 1.0 0.0 0.0 482965.667683 0.0 1.0 0.0 4421390.25817 0.0 0.0 1.0 0.0
1506118018.293601 1.0 0.0 0.0 482964.106967 0.0 1.0 0.0 4421391.46035 0.0 0.0 1.0 0.0
1506118018.696522 1.0 0.0 0.0 482962.546177 0.0 1.0 0.0 4421392.62923 0.0 0.0 1.0 0.0
1506118019.098263 1.0 0.0 0.0 482961.027905 0.0 1.0 0.0 4421393.70923 0.0 0.0 1.0 0.0
1506118019.497781 1.0 0.0 0.0 482959.501189 0.0 1.0 0.0 4421394.83363 0.0 0.0 1.0 0.0
1506118019.897044 1.0 0.0 0.0 482958.042744 0.0 1.0 0.0 4421395.92459 0.0 0.0 1.0 0.0
1506118020.295106 1.0 0.0 0.0 482956.635633 0.0 1.0 0.0 4421397.04874 0.0 0.0 1.0 0.0
1506118020.695013 1.0 0.0 0.0 482955.314004 0.0 1.0 0.0 4421398.19489 0.0 0.0 1.0 0.0
1506118021.095146 1.0 0.0 0.0 482954.146225 0.0 1.0 0.0 4421399.37399 0.0 0.0 1.0 0.0
1506118021.495023 1.0 0.0 0.0 482953.054789 0.0 1.0 0.0 4421400.30874 0.0 0.0 1.0 0.0
1506118021.900145 1.0 0.0 0.0 482951.963205 0.0 1.0 0.0 4421401.1769 0.0 0.0 1.0 0.0
1506118022.298951 1.0 0.0 0.0 482950.854559 0.0 1.0 0.0 4421402.0562 0.0 0.0 1.0 0.0
1506118022.697374 1.0 0.0 0.0 482949.881908 0.0 1.0 0.0 4421402.62443 0.0 0.0 1.0 0.0
1506118023.097458 1.0 0.0 0.0 482948.943505 0.0 1.0 0.0 4421403.22587 0.0 0.0 1.0 0.0
1506118023.490380 1.0 0.0 0.0 482947.98804 0.0 1.0 0.0 4421403.83845 0.0 0.0 1.0 0.0
1506118023.898819 1.0 0.0 0.0 482947.023884 0.0 1.0 0.0 4421404.38446 0.0 0.0 1.0 0.0
1506118024.300406 1.0 0.0 0.0 482946.068271 0.0 1.0 0.0 4421404.93044 0.0 0.0 1.0 0.0
1506118024.701455 1.0 0.0 0.0 482945.001622 0.0 1.0 0.0 4421405.48778 0.0 0.0 1.0 0.0
1506118025.100402 1.0 0.0 0.0 482943.841296 0.0 1.0 0.0 4421406.17851 0.0 0.0 1.0 0.0
1506118025.501529 1.0 0.0 0.0 482942.502137 0.0 1.0 0.0 4421407.12492 0.0 0.0 1.0 0.0
1506118025.900333 1.0 0.0 0.0 482941.01777 0.0 1.0 0.0 4421408.08275 0.0 0.0 1.0 0.0
1506118026.300979 1.0 0.0 0.0 482939.396788 0.0 1.0 0.0 4421409.07419 0.0 0.0 1.0 0.0
1506118026.700724 1.0 0.0 0.0 482937.647436 0.0 1.0 0.0 4421409.96602 0.0 0.0 1.0 0.0
1506118027.101033 1.0 0.0 0.0 482935.769863 0.0 1.0 0.0 4421410.82485 0.0 0.0 1.0 0.0
1506118027.500179 1.0 0.0 0.0 482933.857944 0.0 1.0 0.0 4421411.60605 0.0 0.0 1.0 0.0
1506118027.902327 1.0 0.0 0.0 482931.877506 0.0 1.0 0.0 4421412.30972 0.0 0.0 1.0 0.0
1506118028.300476 1.0 0.0 0.0 482929.725884 0.0 1.0 0.0 4421412.86949 0.0 0.0 1.0 0.0
1506118028.692180 1.0 0.0 0.0 482927.633542 0.0 1.0 0.0 4421413.19605 0.0 0.0 1.0 0.0
1506118029.103015 1.0 0.0 0.0 482925.618063 0.0 1.0 0.0 4421413.51133 0.0 0.0 1.0 0.0
1506118029.502941 1.0 0.0 0.0 482923.465621 0.0 1.0 0.0 4421413.70483 0.0 0.0 1.0 0.0
1506118029.900679 1.0 0.0 0.0 482921.295496 0.0 1.0 0.0 4421413.632 0.0 0.0 1.0 0.0
1506118030.302132 1.0 0.0 0.0 482919.091 0.0 1.0 0.0 4421413.47046 0.0 0.0 1.0 0.0
1506118030.697903 1.0 0.0 0.0 482916.843863 0.0 1.0 0.0 4421413.3423 0.0 0.0 1.0 0.0
1506118031.098765 1.0 0.0 0.0 482914.579739 0.0 1.0 0.0 4421413.25858 0.0 0.0 1.0 0.0
1506118031.501288 1.0 0.0 0.0 482912.26453 0.0 1.0 0.0 4421413.25267 0.0 0.0 1.0 0.0
1506118031.901446 1.0 0.0 0.0 482909.855571 0.0 1.0 0.0 4421413.34687 0.0 0.0 1.0 0.0
1506118032.703673 1.0 0.0 0.0 482905.09053 0.0 1.0 0.0 4421414.25657 0.0 0.0 1.0 0.0
1506118033.099573 1.0 0.0 0.0 482902.896244 0.0 1.0 0.0 4421414.83863 0.0 0.0 1.0 0.0
1506118033.497203 1.0 0.0 0.0 482900.804576 0.0 1.0 0.0 4421415.46487 0.0 0.0 1.0 0.0
1506118033.893269 1.0 0.0 0.0 482898.746756 0.0 1.0 0.0 4421415.94674 0.0 0.0 1.0 0.0
1506118034.299811 1.0 0.0 0.0 482896.476057 0.0 1.0 0.0 4421416.73986 0.0 0.0 1.0 0.0
1506118034.701000 1.0 0.0 0.0 482894.265483 0.0 1.0 0.0 4421417.67713 0.0 0.0 1.0 0.0
1506118035.100973 1.0 0.0 0.0 482892.054661 0.0 1.0 0.0 4421418.50342 0.0 0.0 1.0 0.0
1506118035.499874 1.0 0.0 0.0 482889.911935 0.0 1.0 0.0 4421419.21856 0.0 0.0 1.0 0.0
1506118035.900676 1.0 0.0 0.0 482887.692197 0.0 1.0 0.0 4421419.87838 0.0 0.0 1.0 0.0
1506118036.704632 1.0 0.0 0.0 482883.278476 0.0 1.0 0.0 4421421.25347 0.0 0.0 1.0 0.0
1506118037.103470 1.0 0.0 0.0 482881.05844 0.0 1.0 0.0 4421421.7801 0.0 0.0 1.0 0.0
1506118037.901438 1.0 0.0 0.0 482876.558468 0.0 1.0 0.0 4421422.78912 0.0 0.0 1.0 0.0
1506118038.300240 1.0 0.0 0.0 482874.261669 0.0 1.0 0.0 4421423.37142 0.0 0.0 1.0 0.0
1506118038.699535 1.0 0.0 0.0 482872.127041 0.0 1.0 0.0 4421423.88677 0.0 0.0 1.0 0.0
1506118039.099453 1.0 0.0 0.0 482869.898837 0.0 1.0 0.0 4421424.57991 0.0 0.0 1.0 0.0
1506118039.502002 1.0 0.0 0.0 482867.679152 0.0 1.0 0.0 4421425.26194 0.0 0.0 1.0 0.0
1506118039.904757 1.0 0.0 0.0 482865.40806 0.0 1.0 0.0 4421425.87749 0.0 0.0 1.0 0.0
1506118040.304908 1.0 0.0 0.0 482863.008896 0.0 1.0 0.0 4421426.52662 0.0 0.0 1.0 0.0
1506118040.702482 1.0 0.0 0.0 482860.678052 0.0 1.0 0.0 4421427.1645 0.0 0.0 1.0 0.0
1506118041.501689 1.0 0.0 0.0 482856.17059 0.0 1.0 0.0 4421428.6397 0.0 0.0 1.0 0.0
1506118042.307281 1.0 0.0 0.0 482851.561038 0.0 1.0 0.0 4421430.30382 0.0 0.0 1.0 0.0
1506118042.704955 1.0 0.0 0.0 482849.358792 0.0 1.0 0.0 4421431.14119 0.0 0.0 1.0 0.0
1506118043.107781 1.0 0.0 0.0 482847.130718 0.0 1.0 0.0 4421431.88984 0.0 0.0 1.0 0.0
1506118043.507974 1.0 0.0 0.0 482844.842542 0.0 1.0 0.0 4421432.50543 0.0 0.0 1.0 0.0
1506118043.903340 1.0 0.0 0.0 482842.597358 0.0 1.0 0.0 4421433.24301 0.0 0.0 1.0 0.0
1506118044.299301 1.0 0.0 0.0 482840.437679 0.0 1.0 0.0 4421434.0137 0.0 0.0 1.0 0.0
1506118045.104670 1.0 0.0 0.0 482835.861406 0.0 1.0 0.0 4421435.27819 0.0 0.0 1.0 0.0
1506118045.504931 1.0 0.0 0.0 482833.615773 0.0 1.0 0.0 4421435.816 0.0 0.0 1.0 0.0
1506118045.906242 1.0 0.0 0.0 482831.361598 0.0 1.0 0.0 4421436.35382 0.0 0.0 1.0 0.0
1506118046.305207 1.0 0.0 0.0 482829.158556 0.0 1.0 0.0 4421436.83604 0.0 0.0 1.0 0.0
1506118046.704438 1.0 0.0 0.0 482826.938653 0.0 1.0 0.0 4421437.41819 0.0 0.0 1.0 0.0
1506118047.105650 1.0 0.0 0.0 482824.658899 0.0 1.0 0.0 4421437.97827 0.0 0.0 1.0 0.0
1506118047.505037 1.0 0.0 0.0 482822.387838 0.0 1.0 0.0 4421438.60493 0.0 0.0 1.0 0.0
1506118047.906042 1.0 0.0 0.0 482820.219345 0.0 1.0 0.0 4421439.25356 0.0 0.0 1.0 0.0
1506118048.309019 1.0 0.0 0.0 482818.170056 0.0 1.0 0.0 4421439.72433 0.0 0.0 1.0 0.0
1506118048.708001 1.0 0.0 0.0 482816.138102 0.0 1.0 0.0 4421440.30606 0.0 0.0 1.0 0.0
1506118049.110463 1.0 0.0 0.0 482814.123186 0.0 1.0 0.0 4421440.86555 0.0 0.0 1.0 0.0
1506118049.502161 1.0 0.0 0.0 482812.142391 0.0 1.0 0.0 4421441.40277 0.0 0.0 1.0 0.0
1506118049.906599 1.0 0.0 0.0 482810.229542 0.0 1.0 0.0 4421441.76225 0.0 0.0 1.0 0.0
1506118050.306417 1.0 0.0 0.0 482808.427302 0.0 1.0 0.0 4421441.9217 0.0 0.0 1.0 0.0
1506118050.708278 1.0 0.0 0.0 482806.616669 0.0 1.0 0.0 4421442.14776 0.0 0.0 1.0 0.0
1506118051.110996 1.0 0.0 0.0 482804.788825 0.0 1.0 0.0 4421442.31837 0.0 0.0 1.0 0.0
1506118051.907340 1.0 0.0 0.0 482801.175177 0.0 1.0 0.0 4421442.35982 0.0 0.0 1.0 0.0
1506118052.308902 1.0 0.0 0.0 482799.500532 0.0 1.0 0.0 4421442.2748 0.0 0.0 1.0 0.0
1506118053.114672 1.0 0.0 0.0 482796.270546 0.0 1.0 0.0 4421441.97132 0.0 0.0 1.0 0.0
1506118053.911560 1.0 0.0 0.0 482792.964073 0.0 1.0 0.0 4421441.84559 0.0 0.0 1.0 0.0
1506118054.312019 1.0 0.0 0.0 482791.332169 0.0 1.0 0.0 4421441.77158 0.0 0.0 1.0 0.0
1506118054.705963 1.0 0.0 0.0 482789.828512 0.0 1.0 0.0 4421441.74168 0.0 0.0 1.0 0.0
1506118055.112869 1.0 0.0 0.0 482788.333121 0.0 1.0 0.0 4421441.58967 0.0 0.0 1.0 0.0
1506118055.512477 1.0 0.0 0.0 482786.863185 0.0 1.0 0.0 4421441.35991 0.0 0.0 1.0 0.0
1506118055.914391 1.0 0.0 0.0 482785.350232 0.0 1.0 0.0 4421440.99706 0.0 0.0 1.0 0.0
1506118056.313229 1.0 0.0 0.0 482783.837255 0.0 1.0 0.0 4421440.62311 0.0 0.0 1.0 0.0
1506118056.710640 1.0 0.0 0.0 482782.383953 0.0 1.0 0.0 4421440.19353 0.0 0.0 1.0 0.0
1506118057.110452 1.0 0.0 0.0 482781.007639 0.0 1.0 0.0 4421439.80818 0.0 0.0 1.0 0.0
1506118057.513623 1.0 0.0 0.0 482779.648587 0.0 1.0 0.0 4421439.50047 0.0 0.0 1.0 0.0
1506118057.920505 1.0 0.0 0.0 482778.298203 0.0 1.0 0.0 4421439.24825 0.0 0.0 1.0 0.0
1506118058.312951 1.0 0.0 0.0 482776.939 0.0 1.0 0.0 4421438.87395 0.0 0.0 1.0 0.0
1506118058.713928 1.0 0.0 0.0 482775.665102 0.0 1.0 0.0 4421438.44397 0.0 0.0 1.0 0.0
1506118059.110392 1.0 0.0 0.0 482774.630561 0.0 1.0 0.0 4421438.08004 0.0 0.0 1.0 0.0
1506118059.516659 1.0 0.0 0.0 482773.971991 0.0 1.0 0.0 4421437.74856 0.0 0.0 1.0 0.0
1506118059.908622 1.0 0.0 0.0 482773.40742 0.0 1.0 0.0 4421437.42797 0.0 0.0 1.0 0.0
1506118060.314902 1.0 0.0 0.0 482772.876645 0.0 1.0 0.0 4421436.94081 0.0 0.0 1.0 0.0
1506118060.715153 1.0 0.0 0.0 482772.251445 0.0 1.0 0.0 4421436.25409 0.0 0.0 1.0 0.0
1506118061.116960 1.0 0.0 0.0 482771.822259 0.0 1.0 0.0 4421435.35604 0.0 0.0 1.0 0.0
1506118061.516278 1.0 0.0 0.0 482771.495139 0.0 1.0 0.0 4421434.25798 0.0 0.0 1.0 0.0
1506118061.915646 1.0 0.0 0.0 482771.210784 0.0 1.0 0.0 4421433.18202 0.0 0.0 1.0 0.0
1506118063.116767 1.0 0.0 0.0 482771.041392 0.0 1.0 0.0 4421430.05249 0.0 0.0 1.0 0.0
1506118063.517346 1.0 0.0 0.0 482770.953553 0.0 1.0 0.0 4421428.98719 0.0 0.0 1.0 0.0
1506118063.913274 1.0 0.0 0.0 482770.882725 0.0 1.0 0.0 4421427.88855 0.0 0.0 1.0 0.0
1506118064.312479 1.0 0.0 0.0 482770.743728 0.0 1.0 0.0 4421426.86775 0.0 0.0 1.0 0.0
1506118064.711347 1.0 0.0 0.0 482770.536612 0.0 1.0 0.0 4421425.94701 0.0 0.0 1.0 0.0
1506118065.106360 1.0 0.0 0.0 482770.320476 0.0 1.0 0.0 4421424.8154 0.0 0.0 1.0 0.0
1506118065.916805 1.0 0.0 0.0 482769.631334 0.0 1.0 0.0 4421422.29749 0.0 0.0 1.0 0.0
1506118066.317448 1.0 0.0 0.0 482769.269363 0.0 1.0 0.0 4421420.89983 0.0 0.0 1.0 0.0
1506118066.716682 1.0 0.0 0.0 482768.950333 0.0 1.0 0.0 4421419.60198 0.0 0.0 1.0 0.0
1506118067.116857 1.0 0.0 0.0 482768.725704 0.0 1.0 0.0 4421418.49258 0.0 0.0 1.0 0.0
1506118067.515637 1.0 0.0 0.0 482768.629372 0.0 1.0 0.0 4421417.4495 0.0 0.0 1.0 0.0
1506118067.915004 1.0 0.0 0.0 482768.729506 0.0 1.0 0.0 4421416.39487 0.0 0.0 1.0 0.0
1506118068.317106 1.0 0.0 0.0 482768.983768 0.0 1.0 0.0 4421415.49528 0.0 0.0 1.0 0.0
1506118068.714388 1.0 0.0 0.0 482769.37507 0.0 1.0 0.0 4421414.75076 0.0 0.0 1.0 0.0
1506118069.116079 1.0 0.0 0.0 482769.911831 0.0 1.0 0.0 4421414.10581 0.0 0.0 1.0 0.0
1506118069.514676 1.0 0.0 0.0 482770.636692 0.0 1.0 0.0 4421413.52702 0.0 0.0 1.0 0.0
1506118069.913668 1.0 0.0 0.0 482771.464295 0.0 1.0 0.0 4421413.0479 0.0 0.0 1.0 0.0
1506118070.309051 1.0 0.0 0.0 482772.33489 0.0 1.0 0.0 4421412.69076 0.0 0.0 1.0 0.0
1506118070.713477 1.0 0.0 0.0 482773.214229 0.0 1.0 0.0 4421412.4224 0.0 0.0 1.0 0.0
1506118071.114105 1.0 0.0 0.0 482774.162214 0.0 1.0 0.0 4421412.28707 0.0 0.0 1.0 0.0
1506118071.513435 1.0 0.0 0.0 482775.19553 0.0 1.0 0.0 4421412.10715 0.0 0.0 1.0 0.0
1506118071.917425 1.0 0.0 0.0 482776.382547 0.0 1.0 0.0 4421411.89359 0.0 0.0 1.0 0.0
1506118072.317754 1.0 0.0 0.0 482777.757361 0.0 1.0 0.0 4421411.61301 0.0 0.0 1.0 0.0
1506118072.721599 1.0 0.0 0.0 482779.115115 0.0 1.0 0.0 4421411.34357 0.0 0.0 1.0 0.0
1506118073.120117 1.0 0.0 0.0 482780.541164 0.0 1.0 0.0 4421411.05177 0.0 0.0 1.0 0.0
1506118073.513109 1.0 0.0 0.0 482782.13795 0.0 1.0 0.0 4421410.7041 0.0 0.0 1.0 0.0
1506118073.913248 1.0 0.0 0.0 482783.77725 0.0 1.0 0.0 4421410.26753 0.0 0.0 1.0 0.0
1506118074.315034 1.0 0.0 0.0 482785.382379 0.0 1.0 0.0 4421409.83105 0.0 0.0 1.0 0.0
1506118074.718559 1.0 0.0 0.0 482786.97879 0.0 1.0 0.0 4421409.31689 0.0 0.0 1.0 0.0
1506118075.118680 1.0 0.0 0.0 482788.583568 0.0 1.0 0.0 4421408.72502 0.0 0.0 1.0 0.0
1506118075.510762 1.0 0.0 0.0 482790.230987 0.0 1.0 0.0 4421408.09976 0.0 0.0 1.0 0.0
1506118075.919187 1.0 0.0 0.0 482791.946425 0.0 1.0 0.0 4421407.33006 0.0 0.0 1.0 0.0
1506118076.317024 1.0 0.0 0.0 482793.678875 0.0 1.0 0.0 4421406.52702 0.0 0.0 1.0 0.0
1506118076.717119 1.0 0.0 0.0 482795.488139 0.0 1.0 0.0 4421405.69052 0.0 0.0 1.0 0.0
1506118077.115768 1.0 0.0 0.0 482797.374241 0.0 1.0 0.0 4421404.83164 0.0 0.0 1.0 0.0
1506118077.516130 1.0 0.0 0.0 482799.345724 0.0 1.0 0.0 4421403.95037 0.0 0.0 1.0 0.0
1506118078.317904 1.0 0.0 0.0 482803.36563 0.0 1.0 0.0 4421402.20986 0.0 0.0 1.0 0.0
1506118078.720086 1.0 0.0 0.0 482805.388499 0.0 1.0 0.0 4421401.38398 0.0 0.0 1.0 0.0
1506118079.119412 1.0 0.0 0.0 482807.411268 0.0 1.0 0.0 4421400.51369 0.0 0.0 1.0 0.0
1506118079.520296 1.0 0.0 0.0 482809.425694 0.0 1.0 0.0 4421399.73222 0.0 0.0 1.0 0.0
1506118079.920241 1.0 0.0 0.0 482811.474294 0.0 1.0 0.0 4421398.95067 0.0 0.0 1.0 0.0
1506118080.318492 1.0 0.0 0.0 482813.531562 0.0 1.0 0.0 4421398.2246 0.0 0.0 1.0 0.0
1506118080.712459 1.0 0.0 0.0 482815.648632 0.0 1.0 0.0 4421397.4984 0.0 0.0 1.0 0.0
1506118081.125671 1.0 0.0 0.0 482817.66321 0.0 1.0 0.0 4421396.78352 0.0 0.0 1.0 0.0
1506118081.523648 1.0 0.0 0.0 482819.76307 0.0 1.0 0.0 4421396.00186 0.0 0.0 1.0 0.0
1506118081.925414 1.0 0.0 0.0 482821.880067 0.0 1.0 0.0 4421395.24236 0.0 0.0 1.0 0.0
1506118082.323350 1.0 0.0 0.0 482824.08252 0.0 1.0 0.0 4421394.49377 0.0 0.0 1.0 0.0
1506118083.124493 1.0 0.0 0.0 482828.444712 0.0 1.0 0.0 4421392.99668 0.0 0.0 1.0 0.0
1506118083.523663 1.0 0.0 0.0 482830.604551 0.0 1.0 0.0 4421392.29258 0.0 0.0 1.0 0.0
1506118083.926584 1.0 0.0 0.0 482832.807331 0.0 1.0 0.0 4421391.68827 0.0 0.0 1.0 0.0
1506118084.326253 1.0 0.0 0.0 482834.933123 0.0 1.0 0.0 4421391.03975 0.0 0.0 1.0 0.0
1506118084.724933 1.0 0.0 0.0 482837.101731 0.0 1.0 0.0 4421390.43552 0.0 0.0 1.0 0.0
1506118085.126449 1.0 0.0 0.0 482839.278783 0.0 1.0 0.0 4421389.78688 0.0 0.0 1.0 0.0
1506118085.527177 1.0 0.0 0.0 482841.481514 0.0 1.0 0.0 4421389.16038 0.0 0.0 1.0 0.0
1506118085.923856 1.0 0.0 0.0 482843.641455 0.0 1.0 0.0 4421388.50068 0.0 0.0 1.0 0.0
1506118086.330419 1.0 0.0 0.0 482845.844087 0.0 1.0 0.0 4421387.82978 0.0 0.0 1.0 0.0
1506118086.726004 1.0 0.0 0.0 482847.8845 0.0 1.0 0.0 4421387.20365 0.0 0.0 1.0 0.0
1506118087.125799 1.0 0.0 0.0 482849.925038 0.0 1.0 0.0 4421386.63301 0.0 0.0 1.0 0.0
1506118087.523569 1.0 0.0 0.0 482851.956933 0.0 1.0 0.0 4421386.01799 0.0 0.0 1.0 0.0
1506118087.932343 1.0 0.0 0.0 482854.039988 0.0 1.0 0.0 4421385.35847 0.0 0.0 1.0 0.0
1506118088.324710 1.0 0.0 0.0 482856.088995 0.0 1.0 0.0 4421384.75452 0.0 0.0 1.0 0.0
1506118088.722980 1.0 0.0 0.0 482858.163582 0.0 1.0 0.0 4421384.12831 0.0 0.0 1.0 0.0
1506118089.125331 1.0 0.0 0.0 482860.246612 0.0 1.0 0.0 4421383.45769 0.0 0.0 1.0 0.0
1506118089.522292 1.0 0.0 0.0 482862.34668 0.0 1.0 0.0 4421382.76483 0.0 0.0 1.0 0.0
1506118089.926205 1.0 0.0 0.0 482864.472552 0.0 1.0 0.0 4421382.14961 0.0 0.0 1.0 0.0
1506118090.724632 1.0 0.0 0.0 482868.912769 0.0 1.0 0.0 4421381.15182 0.0 0.0 1.0 0.0
1506118091.125635 1.0 0.0 0.0 482871.047659 0.0 1.0 0.0 4421380.74746 0.0 0.0 1.0 0.0
1506118091.524124 1.0 0.0 0.0 482873.174031 0.0 1.0 0.0 4421380.35422 0.0 0.0 1.0 0.0
1506118091.924907 1.0 0.0 0.0 482875.172156 0.0 1.0 0.0 4421379.91687 0.0 0.0 1.0 0.0
1506118092.324502 1.0 0.0 0.0 482877.178774 0.0 1.0 0.0 4421379.45731 0.0 0.0 1.0 0.0
1506118092.727060 1.0 0.0 0.0 482879.15122 0.0 1.0 0.0 4421378.99782 0.0 0.0 1.0 0.0
1506118093.127196 1.0 0.0 0.0 482881.209223 0.0 1.0 0.0 4421378.59363 0.0 0.0 1.0 0.0
1506118093.927897 1.0 0.0 0.0 482885.300097 0.0 1.0 0.0 4421378.0073 0.0 0.0 1.0 0.0
1506118094.326239 1.0 0.0 0.0 482887.410331 0.0 1.0 0.0 4421378.03586 0.0 0.0 1.0 0.0
1506118094.727961 1.0 0.0 0.0 482889.418545 0.0 1.0 0.0 4421378.28663 0.0 0.0 1.0 0.0
1506118095.132213 1.0 0.0 0.0 482891.316395 0.0 1.0 0.0 4421378.84842 0.0 0.0 1.0 0.0
1506118095.533503 1.0 0.0 0.0 482893.189064 0.0 1.0 0.0 4421379.61005 0.0 0.0 1.0 0.0
1506118095.931940 1.0 0.0 0.0 482894.805985 0.0 1.0 0.0 4421380.61643 0.0 0.0 1.0 0.0
1506118096.330766 1.0 0.0 0.0 482896.346441 0.0 1.0 0.0 4421381.81166 0.0 0.0 1.0 0.0
1506118096.731056 1.0 0.0 0.0 482897.63115 0.0 1.0 0.0 4421383.25165 0.0 0.0 1.0 0.0
1506118097.133354 1.0 0.0 0.0 482898.898847 0.0 1.0 0.0 4421384.72497 0.0 0.0 1.0 0.0
1506118097.533608 1.0 0.0 0.0 482900.047064 0.0 1.0 0.0 4421386.25405 0.0 0.0 1.0 0.0
1506118097.933456 1.0 0.0 0.0 482901.152813 0.0 1.0 0.0 4421387.89422 0.0 0.0 1.0 0.0
1506118098.336486 1.0 0.0 0.0 482902.207353 0.0 1.0 0.0 4421389.5567 0.0 0.0 1.0 0.0
1506118098.735784 1.0 0.0 0.0 482903.244931 0.0 1.0 0.0 4421391.27472 0.0 0.0 1.0 0.0
1506118099.130616 1.0 0.0 0.0 482904.231474 0.0 1.0 0.0 4421393.09274 0.0 0.0 1.0 0.0
1506118099.529533 1.0 0.0 0.0 482905.175275 0.0 1.0 0.0 4421394.89976 0.0 0.0 1.0 0.0
1506118099.929122 1.0 0.0 0.0 482906.101915 0.0 1.0 0.0 4421396.67351 0.0 0.0 1.0 0.0
1506118100.725803 1.0 0.0 0.0 482907.980649 0.0 1.0 0.0 4421400.14328 0.0 0.0 1.0 0.0
1506118101.127896 1.0 0.0 0.0 482908.992445 0.0 1.0 0.0 4421401.79476 0.0 0.0 1.0 0.0
1506118101.521969 1.0 0.0 0.0 482910.080881 0.0 1.0 0.0 4421403.33508 0.0 0.0 1.0 0.0
1506118101.926273 1.0 0.0 0.0 482911.331461 0.0 1.0 0.0 4421404.79734 0.0 0.0 1.0 0.0
1506118102.329400 1.0 0.0 0.0 482912.820899 0.0 1.0 0.0 4421406.10368 0.0 0.0 1.0 0.0
1506118102.730517 1.0 0.0 0.0 482914.506108 0.0 1.0 0.0 4421407.08772 0.0 0.0 1.0 0.0
1506118103.128902 1.0 0.0 0.0 482916.344694 0.0 1.0 0.0 4421407.89382 0.0 0.0 1.0 0.0
1506118103.530024 1.0 0.0 0.0 482918.250929 0.0 1.0 0.0 4421408.389 0.0 0.0 1.0 0.0
1506118103.929828 1.0 0.0 0.0 482920.25074 0.0 1.0 0.0 4421408.7064 0.0 0.0 1.0 0.0
1506118104.328078 1.0 0.0 0.0 482922.412447 0.0 1.0 0.0 4421408.83474 0.0 0.0 1.0 0.0
1506118104.730223 1.0 0.0 0.0 482924.624866 0.0 1.0 0.0 4421408.7188 0.0 0.0 1.0 0.0
1506118105.934220 1.0 0.0 0.0 482931.284747 0.0 1.0 0.0 4421407.02794 0.0 0.0 1.0 0.0
1506118106.332191 1.0 0.0 0.0 482933.375898 0.0 1.0 0.0 4421406.16863 0.0 0.0 1.0 0.0
1506118106.731020 1.0 0.0 0.0 482935.415493 0.0 1.0 0.0 4421405.17626 0.0 0.0 1.0 0.0
1506118107.132350 1.0 0.0 0.0 482937.369335 0.0 1.0 0.0 4421404.03979 0.0 0.0 1.0 0.0
1506118107.530281 1.0 0.0 0.0 482939.246289 0.0 1.0 0.0 4421402.90349 0.0 0.0 1.0 0.0
1506118107.934388 1.0 0.0 0.0 482941.089071 0.0 1.0 0.0 4421401.76727 0.0 0.0 1.0 0.0
1506118108.329654 1.0 0.0 0.0 482942.666892 0.0 1.0 0.0 4421400.57615 0.0 0.0 1.0 0.0
1506118108.729111 1.0 0.0 0.0 482944.082394 0.0 1.0 0.0 4421399.3854 0.0 0.0 1.0 0.0
1506118109.133676 1.0 0.0 0.0 482945.208027 0.0 1.0 0.0 4421398.46166 0.0 0.0 1.0 0.0
1506118109.933274 1.0 0.0 0.0 482947.033476 0.0 1.0 0.0 4421397.21449 0.0 0.0 1.0 0.0
1506118110.335041 1.0 0.0 0.0 482947.928817 0.0 1.0 0.0 4421396.45776 0.0 0.0 1.0 0.0
1506118110.729852 1.0 0.0 0.0 482948.781442 0.0 1.0 0.0 4421395.70112 0.0 0.0 1.0 0.0
1506118111.133013 1.0 0.0 0.0 482949.574365 0.0 1.0 0.0 4421394.98902 0.0 0.0 1.0 0.0
1506118111.531951 1.0 0.0 0.0 482950.273363 0.0 1.0 0.0 4421394.29932 0.0 0.0 1.0 0.0
1506118111.926152 1.0 0.0 0.0 482951.091941 0.0 1.0 0.0 4421393.59825 0.0 0.0 1.0 0.0
1506118112.334996 1.0 0.0 0.0 482951.987704 0.0 1.0 0.0 4421393.0302 0.0 0.0 1.0 0.0
1506118112.737238 1.0 0.0 0.0 482953.036971 0.0 1.0 0.0 4421392.33972 0.0 0.0 1.0 0.0
1506118113.137475 1.0 0.0 0.0 482954.188409 0.0 1.0 0.0 4421391.49362 0.0 0.0 1.0 0.0
1506118113.535960 1.0 0.0 0.0 482955.53619 0.0 1.0 0.0 4421390.58049 0.0 0.0 1.0 0.0
1506118113.934784 1.0 0.0 0.0 482956.926439 0.0 1.0 0.0 4421389.55628 0.0 0.0 1.0 0.0
1506118114.332954 1.0 0.0 0.0 482958.359404 0.0 1.0 0.0 4421388.53197 0.0 0.0 1.0 0.0
1506118115.137197 1.0 0.0 0.0 482961.635009 0.0 1.0 0.0 4421386.30485 0.0 0.0 1.0 0.0
1506118115.531728 1.0 0.0 0.0 482963.434711 0.0 1.0 0.0 4421385.00225 0.0 0.0 1.0 0.0
1506118115.935909 1.0 0.0 0.0 482965.302659 0.0 1.0 0.0 4421383.6551 0.0 0.0 1.0 0.0
1506118116.336852 1.0 0.0 0.0 482967.264508 0.0 1.0 0.0 4421382.27444 0.0 0.0 1.0 0.0
1506118116.737044 1.0 0.0 0.0 482969.09836 0.0 1.0 0.0 4421380.96066 0.0 0.0 1.0 0.0
1506118117.129930 1.0 0.0 0.0 482970.881002 0.0 1.0 0.0 4421379.6692 0.0 0.0 1.0 0.0
1506118117.536404 1.0 0.0 0.0 482972.458585 0.0 1.0 0.0 4421378.3671 0.0 0.0 1.0 0.0
1506118117.936690 1.0 0.0 0.0 482973.87422 0.0 1.0 0.0 4421377.23184 0.0 0.0 1.0 0.0
1506118118.338841 1.0 0.0 0.0 482974.999909 0.0 1.0 0.0 4421376.33031 0.0 0.0 1.0 0.0
1506118118.738622 1.0 0.0 0.0 482975.955007 0.0 1.0 0.0 4421375.55125 0.0 0.0 1.0 0.0
1506118119.139900 1.0 0.0 0.0 482976.722355 0.0 1.0 0.0 4421374.8614 0.0 0.0 1.0 0.0
1506118119.537360 1.0 0.0 0.0 482977.600987 0.0 1.0 0.0 4421374.27119 0.0 0.0 1.0 0.0
1506118119.937735 1.0 0.0 0.0 482978.479618 0.0 1.0 0.0 4421373.68098 0.0 0.0 1.0 0.0
1506118120.339188 1.0 0.0 0.0 482979.358077 0.0 1.0 0.0 4421373.01308 0.0 0.0 1.0 0.0
1506118120.740744 1.0 0.0 0.0 482980.245029 0.0 1.0 0.0 4421372.32297 0.0 0.0 1.0 0.0
1506118121.139636 1.0 0.0 0.0 482981.029514 0.0 1.0 0.0 4421371.65528 0.0 0.0 1.0 0.0
1506118121.540614 1.0 0.0 0.0 482981.882145 0.0 1.0 0.0 4421370.89864 0.0 0.0 1.0 0.0
1506118121.939639 1.0 0.0 0.0 482982.931467 0.0 1.0 0.0 4421370.23036 0.0 0.0 1.0 0.0
1506118122.335010 1.0 0.0 0.0 482984.023134 0.0 1.0 0.0 4421369.3955 0.0 0.0 1.0 0.0
1506118122.740631 1.0 0.0 0.0 482985.242552 0.0 1.0 0.0 4421368.38277 0.0 0.0 1.0 0.0
1506118123.140535 1.0 0.0 0.0 482986.572908 0.0 1.0 0.0 4421367.3143 0.0 0.0 1.0 0.0
1506118123.539352 1.0 0.0 0.0 482988.099559 0.0 1.0 0.0 4421366.1566 0.0 0.0 1.0 0.0
1506118123.937878 1.0 0.0 0.0 482989.694308 0.0 1.0 0.0 4421364.88776 0.0 0.0 1.0 0.0
1506118124.338016 1.0 0.0 0.0 482991.305798 0.0 1.0 0.0 4421363.4635 0.0 0.0 1.0 0.0
1506118124.738038 1.0 0.0 0.0 482992.968225 0.0 1.0 0.0 4421361.89483 0.0 0.0 1.0 0.0
1506118125.140258 1.0 0.0 0.0 482994.544849 0.0 1.0 0.0 4421360.15987 0.0 0.0 1.0 0.0
1506118125.540801 1.0 0.0 0.0 482996.138289 0.0 1.0 0.0 4421358.30279 0.0 0.0 1.0 0.0
1506118125.942352 1.0 0.0 0.0 482997.560544 0.0 1.0 0.0 4421356.3018 0.0 0.0 1.0 0.0
1506118126.340288 1.0 0.0 0.0 482998.794503 0.0 1.0 0.0 4421354.14585 0.0 0.0 1.0 0.0
1506118126.740045 1.0 0.0 0.0 482999.789229 0.0 1.0 0.0 4421351.97933 0.0 0.0 1.0 0.0
1506118127.140711 1.0 0.0 0.0 483000.587265 0.0 1.0 0.0 4421349.72446 0.0 0.0 1.0 0.0
1506118127.533426 1.0 0.0 0.0 483001.188436 0.0 1.0 0.0 4421347.30354 0.0 0.0 1.0 0.0
1506118127.939611 1.0 0.0 0.0 483001.712348 0.0 1.0 0.0 4421344.71631 0.0 0.0 1.0 0.0
1506118128.340500 1.0 0.0 0.0 483002.116656 0.0 1.0 0.0 4421342.12935 0.0 0.0 1.0 0.0
1506118128.737406 1.0 0.0 0.0 483002.30731 0.0 1.0 0.0 4421339.50956 0.0 0.0 1.0 0.0
1506118129.139871 1.0 0.0 0.0 483002.258705 0.0 1.0 0.0 4421336.86812 0.0 0.0 1.0 0.0
1506118129.540011 1.0 0.0 0.0 483002.193112 0.0 1.0 0.0 4421334.2711 0.0 0.0 1.0 0.0
1506118129.942948 1.0 0.0 0.0 483002.033495 0.0 1.0 0.0 4421331.6521 0.0 0.0 1.0 0.0
1506118130.344588 1.0 0.0 0.0 483001.762667 0.0 1.0 0.0 4421328.96675 0.0 0.0 1.0 0.0
1506118131.144218 1.0 0.0 0.0 483000.853554 0.0 1.0 0.0 4421323.55248 0.0 0.0 1.0 0.0
1506118131.543474 1.0 0.0 0.0 483000.13001 0.0 1.0 0.0 4421320.90143 0.0 0.0 1.0 0.0
1506118131.943186 1.0 0.0 0.0 482999.261304 0.0 1.0 0.0 4421318.28401 0.0 0.0 1.0 0.0
1506118132.339141 1.0 0.0 0.0 482998.418228 0.0 1.0 0.0 4421315.66653 0.0 0.0 1.0 0.0
1506118132.741961 1.0 0.0 0.0 482997.600657 0.0 1.0 0.0 4421312.9935 0.0 0.0 1.0 0.0
1506118133.143089 1.0 0.0 0.0 482996.706122 0.0 1.0 0.0 4421310.28735 0.0 0.0 1.0 0.0
1506118133.542810 1.0 0.0 0.0 482995.829118 0.0 1.0 0.0 4421307.78093 0.0 0.0 1.0 0.0
1506118133.944223 1.0 0.0 0.0 482994.935176 0.0 1.0 0.0 4421305.34115 0.0 0.0 1.0 0.0
1506118134.343647 1.0 0.0 0.0 482994.040912 0.0 1.0 0.0 4421302.75709 0.0 0.0 1.0 0.0
1506118134.744413 1.0 0.0 0.0 482993.112572 0.0 1.0 0.0 4421300.21749 0.0 0.0 1.0 0.0
1506118135.140487 1.0 0.0 0.0 482992.141368 0.0 1.0 0.0 4421297.6114 0.0 0.0 1.0 0.0
1506118135.539497 1.0 0.0 0.0 482991.2212 0.0 1.0 0.0 4421294.9053 0.0 0.0 1.0 0.0
1506118135.939629 1.0 0.0 0.0 482990.352191 0.0 1.0 0.0 4421292.15469 0.0 0.0 1.0 0.0
1506118136.340909 1.0 0.0 0.0 482989.560071 0.0 1.0 0.0 4421289.40391 0.0 0.0 1.0 0.0
1506118136.744231 1.0 0.0 0.0 482988.708395 0.0 1.0 0.0 4421286.76426 0.0 0.0 1.0 0.0
1506118137.144626 1.0 0.0 0.0 482987.762941 0.0 1.0 0.0 4421284.2136 0.0 0.0 1.0 0.0
1506118137.545915 1.0 0.0 0.0 482986.749438 0.0 1.0 0.0 4421281.79629 0.0 0.0 1.0 0.0
1506118137.936373 1.0 0.0 0.0 482985.880971 0.0 1.0 0.0 4421279.28986 0.0 0.0 1.0 0.0
1506118138.344873 1.0 0.0 0.0 482985.106282 0.0 1.0 0.0 4421276.69442 0.0 0.0 1.0 0.0
1506118138.743727 1.0 0.0 0.0 482984.289148 0.0 1.0 0.0 4421274.22118 0.0 0.0 1.0 0.0
1506118139.147660 1.0 0.0 0.0 482983.57426 0.0 1.0 0.0 4421271.62561 0.0 0.0 1.0 0.0
1506118139.545189 1.0 0.0 0.0 482982.851027 0.0 1.0 0.0 4421269.11886 0.0 0.0 1.0 0.0
1506118140.348869 1.0 0.0 0.0 482981.319547 0.0 1.0 0.0 4421264.29422 0.0 0.0 1.0 0.0
1506118140.745252 1.0 0.0 0.0 482980.59651 0.0 1.0 0.0 4421261.87626 0.0 0.0 1.0 0.0
1506118141.146230 1.0 0.0 0.0 482979.881942 0.0 1.0 0.0 4421259.42498 0.0 0.0 1.0 0.0
1506118141.544714 1.0 0.0 0.0 482979.44061 0.0 1.0 0.0 4421256.9065 0.0 0.0 1.0 0.0
1506118141.945726 1.0 0.0 0.0 482979.10212 0.0 1.0 0.0 4421254.53207 0.0 0.0 1.0 0.0
1506118142.348001 1.0 0.0 0.0 482978.823581 0.0 1.0 0.0 4421252.22411 0.0 0.0 1.0 0.0
1506118142.746159 1.0 0.0 0.0 482978.382868 0.0 1.0 0.0 4421249.9831 0.0 0.0 1.0 0.0
1506118143.142029 1.0 0.0 0.0 482977.865463 0.0 1.0 0.0 4421247.83105 0.0 0.0 1.0 0.0
1506118143.549592 1.0 0.0 0.0 482977.35665 0.0 1.0 0.0 4421245.70118 0.0 0.0 1.0 0.0
1506118143.948749 1.0 0.0 0.0 482976.856257 0.0 1.0 0.0 4421243.5158 0.0 0.0 1.0 0.0
1506118144.348919 1.0 0.0 0.0 482976.202109 0.0 1.0 0.0 4421241.34186 0.0 0.0 1.0 0.0
1506118145.151194 1.0 0.0 0.0 482974.92791 0.0 1.0 0.0 4421236.96061 0.0 0.0 1.0 0.0
1506118145.548642 1.0 0.0 0.0 482974.325343 0.0 1.0 0.0 4421234.93085 0.0 0.0 1.0 0.0
1506118145.949703 1.0 0.0 0.0 482973.705565 0.0 1.0 0.0 4421232.84562 0.0 0.0 1.0 0.0
1506118146.346641 1.0 0.0 0.0 482973.094181 0.0 1.0 0.0 4421230.69379 0.0 0.0 1.0 0.0
1506118146.749580 1.0 0.0 0.0 482972.482499 0.0 1.0 0.0 4421228.40876 0.0 0.0 1.0 0.0
1506118147.151623 1.0 0.0 0.0 482971.879262 0.0 1.0 0.0 4421226.07933 0.0 0.0 1.0 0.0
1506118147.549458 1.0 0.0 0.0 482971.250592 0.0 1.0 0.0 4421223.83874 0.0 0.0 1.0 0.0
1506118147.949686 1.0 0.0 0.0 482970.656045 0.0 1.0 0.0 4421221.57587 0.0 0.0 1.0 0.0
1506118148.341453 1.0 0.0 0.0 482970.018658 0.0 1.0 0.0 4421219.25761 0.0 0.0 1.0 0.0
1506118148.746654 1.0 0.0 0.0 482969.3729 0.0 1.0 0.0 4421217.01706 0.0 0.0 1.0 0.0
1506118149.149785 1.0 0.0 0.0 482968.701487 0.0 1.0 0.0 4421214.76547 0.0 0.0 1.0 0.0
1506118149.550052 1.0 0.0 0.0 482968.06452 0.0 1.0 0.0 4421212.63589 0.0 0.0 1.0 0.0
1506118149.951952 1.0 0.0 0.0 482967.496371 0.0 1.0 0.0 4421210.71703 0.0 0.0 1.0 0.0
1506118150.350397 1.0 0.0 0.0 482966.911208 0.0 1.0 0.0 4421208.83151 0.0 0.0 1.0 0.0
1506118150.750394 1.0 0.0 0.0 482966.249156 0.0 1.0 0.0 4421206.94617 0.0 0.0 1.0 0.0
1506118151.150880 1.0 0.0 0.0 482965.544262 0.0 1.0 0.0 4421205.00542 0.0 0.0 1.0 0.0
1506118151.546873 1.0 0.0 0.0 482964.873368 0.0 1.0 0.0 4421202.98691 0.0 0.0 1.0 0.0
1506118151.946865 1.0 0.0 0.0 482964.228079 0.0 1.0 0.0 4421200.95724 0.0 0.0 1.0 0.0
1506118152.346112 1.0 0.0 0.0 482963.591382 0.0 1.0 0.0 4421198.94974 0.0 0.0 1.0 0.0
1506118152.750734 1.0 0.0 0.0 482962.997774 0.0 1.0 0.0 4421197.10864 0.0 0.0 1.0 0.0
1506118153.155197 1.0 0.0 0.0 482962.481452 0.0 1.0 0.0 4421195.44495 0.0 0.0 1.0 0.0
1506118153.546732 1.0 0.0 0.0 482961.999601 0.0 1.0 0.0 4421193.91437 0.0 0.0 1.0 0.0
1506118153.953640 1.0 0.0 0.0 482961.577976 0.0 1.0 0.0 4421192.57233 0.0 0.0 1.0 0.0
1506118154.352332 1.0 0.0 0.0 482961.259342 0.0 1.0 0.0 4421191.44095 0.0 0.0 1.0 0.0
1506118154.747977 1.0 0.0 0.0 482961.035404 0.0 1.0 0.0 4421190.63122 0.0 0.0 1.0 0.0
1506118155.148314 1.0 0.0 0.0 482960.872063 0.0 1.0 0.0 4421190.17653 0.0 0.0 1.0 0.0
1506118155.547006 1.0 0.0 0.0 482960.820406 0.0 1.0 0.0 4421189.99906 0.0 0.0 1.0 0.0
1506118155.951210 1.0 0.0 0.0 482960.777515 0.0 1.0 0.0 4421189.92147 0.0 0.0 1.0 0.0
1506118156.352133 1.0 0.0 0.0 482960.70892 0.0 1.0 0.0 4421189.81063 0.0 0.0 1.0 0.0
1506118156.753106 1.0 0.0 0.0 482960.640573 0.0 1.0 0.0 4421189.81078 0.0 0.0 1.0 0.0
1506118157.151724 1.0 0.0 0.0 482960.580894 0.0 1.0 0.0 4421189.86641 0.0 0.0 1.0 0.0
1506118157.549866 1.0 0.0 0.0 482960.546869 0.0 1.0 0.0 4421189.93308 0.0 0.0 1.0 0.0
1506118157.949374 1.0 0.0 0.0 482960.529634 0.0 1.0 0.0 4421189.86653 0.0 0.0 1.0 0.0
1506118158.351336 1.0 0.0 0.0 482960.478349 0.0 1.0 0.0 4421189.85554 0.0 0.0 1.0 0.0
1506118158.744297 1.0 0.0 0.0 482960.41857 0.0 1.0 0.0 4421189.86677 0.0 0.0 1.0 0.0
1506118159.153945 1.0 0.0 0.0 482960.358667 0.0 1.0 0.0 4421189.82251 0.0 0.0 1.0 0.0
